11 0.509137 0.369733 0.093660 0.086272
11 0.709523 0.371496 0.098592 0.084321
11 0.709500 0.278360 0.093624 0.094118
1 0.189455 0.716597 0.305631 0.394118
11 0.609700 0.371496 0.086267 0.088237
7 0.663919 0.797970 0.490490 0.254899
0 0.624037 0.654252 0.553506 0.246915
11 0.508642 0.463656 0.096122 0.088237
11 0.506190 0.278342 0.101026 0.086308
11 0.607234 0.464635 0.091199 0.086279
11 0.707057 0.457771 0.088738 0.080397
6 0.574891 0.650137 0.155195 0.137861
11 0.609696 0.280329 0.091199 0.090210
9 0.290377 0.547258 0.129328 0.193418
10 0.292965 0.700549 0.124151 0.121402
6 0.574891 0.650137 0.155195 0.137861
