5 0.279502 0.715695 0.105833 0.205886
11 0.194036 0.171730 0.040719 0.158447
11 0.145302 0.169714 0.054297 0.183188
11 0.146536 0.059550 0.054281 0.049292
11 0.064485 0.113093 0.092533 0.156376
7 0.569771 0.728311 0.172745 0.135804
0 0.587042 0.621322 0.350425 0.197520
11 0.279796 0.147044 0.027141 0.129619
1 0.872034 0.628474 0.135670 0.207902
11 0.279183 0.273583 0.025915 0.115232
11 0.301985 0.265354 0.022173 0.115232
4 0.261266 0.510722 0.088186 0.258665
3 0.353832 0.597657 0.083905 0.242779
3 0.968113 0.604864 0.063775 0.224278
9 0.113227 0.520504 0.123382 0.318937
