0 0.792467 0.664695 0.396438 0.352006
2 0.087672 0.463983 0.034690 0.162558
2 0.131038 0.427980 0.056683 0.135785
3 0.201013 0.542180 0.080948 0.364186
7 0.523693 0.773663 0.219739 0.285988
8 0.641111 0.432355 0.076046 0.249012
1 0.867778 0.830756 0.218595 0.338488
11 0.719730 0.294244 0.065931 0.283953
11 0.946430 0.219099 0.068252 0.310640
4 0.058080 0.418619 0.020931 0.311773
12 0.386520 0.604898 0.261209 0.288227
11 0.784502 0.394041 0.052042 0.179012
11 0.856201 0.246919 0.075180 0.279826
11 0.783342 0.196497 0.052042 0.187238
2 0.417320 0.440334 0.053268 0.127587
