2 0.307870 0.600824 0.042823 0.218111
3 0.963253 0.552468 0.073495 0.549380
2 0.222221 0.598764 0.047453 0.213991
2 0.266203 0.596708 0.040510 0.209880
0 0.576388 0.634773 0.309026 0.302472
7 0.296297 0.823042 0.385417 0.267491
2 0.357638 0.601852 0.054401 0.224278
11 0.446758 0.420782 0.045141 0.094657
11 0.386576 0.426954 0.038193 0.086426
11 0.448484 0.299380 0.034698 0.094648
11 0.013310 0.141977 0.025464 0.141972
11 0.064815 0.170782 0.054401 0.141972
11 0.056133 0.340537 0.067130 0.144037
11 0.388302 0.310708 0.039333 0.088454
