0 0.722876 0.587255 0.420915 0.300000
2 0.463399 0.281373 0.079739 0.156863
2 0.454902 0.535294 0.060131 0.119608
2 0.394771 0.643137 0.062745 0.166667
7 0.521895 0.671740 0.218105 0.174902
2 0.352941 0.592157 0.062745 0.264706
3 0.509551 0.459804 0.080931 0.246912
3 0.968423 0.514326 0.063154 0.454730
2 0.075817 0.745098 0.149020 0.147059
2 0.249020 0.442157 0.045752 0.101961
3 0.932051 0.503039 0.072696 0.432157
0 0.170049 0.635735 0.334706 0.316863
2 0.288235 0.414706 0.045752 0.149020
2 0.384967 0.320588 0.090196 0.192157
