3 0.866895 0.517414 0.115229 0.432083
10 0.276348 0.724203 0.105637 0.150221
3 0.759902 0.438211 0.101503 0.248971
3 0.664559 0.440257 0.102876 0.125515
7 0.585686 0.776667 0.139902 0.170784
1 0.169363 0.727292 0.237320 0.351838
0 0.571969 0.641900 0.455408 0.292181
8 0.069281 0.555882 0.115033 0.449020
3 0.201601 0.483468 0.120719 0.265417
3 0.126152 0.349730 0.085049 0.409461
3 0.294877 0.549314 0.068578 0.360098
3 0.366895 0.458775 0.069967 0.224265
3 0.448513 0.405282 0.096013 0.203701
3 0.546593 0.392929 0.119330 0.224289
