4 0.905019 0.545047 0.126713 0.323527
7 0.556169 0.850826 0.220713 0.148143
5 0.855513 0.829362 0.288975 0.323527
10 0.061144 0.906895 0.122287 0.186210
11 0.062650 0.423874 0.058950 0.168724
11 0.107887 0.414606 0.034275 0.179006
11 0.148331 0.434156 0.043863 0.139906
11 0.177806 0.426951 0.028788 0.154315
11 0.056481 0.223246 0.052087 0.224278
11 0.177119 0.286013 0.030162 0.127561
0 0.194356 0.787205 0.367088 0.415685
11 0.144906 0.278799 0.031537 0.178987
11 0.105144 0.240741 0.045237 0.168724
