10 0.763105 0.698561 0.062451 0.131715
11 0.641667 0.314811 0.092516 0.213983
11 0.340956 0.310698 0.111029 0.263372
7 0.445049 0.782922 0.097157 0.197529
11 0.445049 0.415640 0.064771 0.152267
11 0.535842 0.316875 0.086748 0.201657
12 0.910654 0.737253 0.178693 0.525494
7 0.554338 0.761323 0.114493 0.248983
2 0.742279 0.580262 0.069395 0.131686
1 0.091144 0.790131 0.180425 0.335378
8 0.230564 0.469608 0.085964 0.370610
11 0.444469 0.242791 0.065931 0.152267
0 0.462974 0.646105 0.547059 0.310698
