9 0.893853 0.604849 0.106131 0.185180
11 0.014256 0.084272 0.028512 0.137864
11 0.014906 0.223162 0.027213 0.152259
10 0.881609 0.803407 0.146944 0.273658
9 0.152328 0.407316 0.127894 0.255142
6 0.494516 0.570898 0.066669 0.102873
8 0.394513 0.465959 0.043537 0.211938
11 0.057766 0.240652 0.066669 0.146087
7 0.533975 0.694343 0.200012 0.178989
11 0.058447 0.376456 0.059869 0.137864
1 0.384309 0.743738 0.210894 0.316871
11 0.846906 0.321923 0.137438 0.345681
1 0.465266 0.585302 0.103406 0.189301
11 0.015619 0.376451 0.031237 0.141975
0 0.790447 0.663492 0.307494 0.368308
1 0.574794 0.560610 0.104763 0.131692
11 0.061169 0.102793 0.062588 0.158440
