3 0.095286 0.529289 0.187925 0.941422
3 0.876495 0.438199 0.159134 0.479436
11 0.410792 0.178946 0.080931 0.152255
7 0.437541 0.738603 0.183807 0.246912
0 0.696078 0.684314 0.435294 0.419608
3 0.958170 0.523591 0.083660 0.349779
2 0.877892 0.605895 0.082255 0.160515
3 0.451258 0.440257 0.128954 0.236642
11 0.803105 0.178934 0.100131 0.283946
3 0.268815 0.575025 0.120703 0.337451
1 0.111087 0.604877 0.222173 0.329216
7 0.283211 0.744792 0.133056 0.201642
2 0.568562 0.362034 0.023268 0.162696
2 0.639869 0.322966 0.113856 0.253088
2 0.353178 0.614130 0.100147 0.279828
2 0.534248 0.304461 0.048007 0.294216
7 0.897092 0.815772 0.205817 0.306593
