2 0.354852 0.840282 0.239568 0.307435
3 0.149279 0.591287 0.146953 0.203019
0 0.584708 0.692690 0.538896 0.494176
4 0.805495 0.263116 0.085844 0.196787
4 0.684641 0.220944 0.135542 0.357444
4 0.575638 0.322259 0.068901 0.158833
4 0.576771 0.160708 0.059865 0.136546
4 0.480203 0.256046 0.115198 0.323389
3 0.781807 0.571306 0.085958 0.202815
3 0.720305 0.548218 0.086974 0.220880
3 0.437927 0.551227 0.077937 0.154620
7 0.312552 0.489981 0.123125 0.508037
3 0.514102 0.554139 0.119818 0.180926
1 0.132956 0.700829 0.247370 0.435731
