4 0.761691 0.292145 0.136552 0.196789
4 0.479902 0.337316 0.108431 0.102426
4 0.481887 0.163578 0.109755 0.224804
4 0.301871 0.234804 0.105703 0.130392
4 0.172672 0.249963 0.128513 0.144583
5 0.267721 0.314228 0.053546 0.086348
5 0.172672 0.413615 0.085670 0.192770
0 0.533431 0.541127 0.437778 0.365441
1 0.183391 0.706789 0.366781 0.562255
3 0.383513 0.419645 0.068268 0.048211
3 0.447092 0.459853 0.074967 0.116569
3 0.520727 0.461814 0.099069 0.088333
3 0.606397 0.443676 0.096389 0.124608
3 0.645253 0.439718 0.109820 0.132525
5 0.398905 0.134510 0.077647 0.112451
2 0.700074 0.781091 0.441683 0.429730
7 0.061585 0.307230 0.109837 0.283088
4 0.764371 0.099265 0.139232 0.188725
