3 0.684052 0.543150 0.069608 0.082328
2 0.526087 0.675662 0.200801 0.178725
1 0.524077 0.536115 0.124493 0.152623
7 0.605065 0.488922 0.069608 0.172696
4 0.827974 0.410625 0.103072 0.126495
4 0.826634 0.275123 0.105752 0.152696
4 0.717533 0.424694 0.066928 0.094387
4 0.714853 0.322230 0.066928 0.114559
6 0.079632 0.432696 0.137892 0.321275
0 0.767712 0.637451 0.362778 0.303333
3 0.837998 0.556189 0.061585 0.084338
3 0.780433 0.561201 0.061585 0.110441
3 0.739559 0.551176 0.057484 0.118480
1 0.370792 0.575270 0.131193 0.218873
