3 0.340670 0.528088 0.038824 0.052206
0 0.207475 0.553174 0.390899 0.138554
4 0.021413 0.451801 0.042827 0.068260
4 0.024763 0.353395 0.049526 0.080319
4 0.099730 0.432721 0.092369 0.118480
4 0.093039 0.291152 0.073627 0.152598
4 0.024093 0.254007 0.048186 0.090368
3 0.080302 0.526078 0.050866 0.052206
3 0.133848 0.528076 0.061585 0.048211
2 0.278423 0.602377 0.238284 0.104412
3 0.301185 0.527071 0.050866 0.046201
1 0.552859 0.551164 0.109771 0.202819
1 0.709502 0.570245 0.176748 0.273088
5 0.863423 0.540123 0.131193 0.407647
5 0.451789 0.508995 0.124493 0.224902
