0 0.365063 0.776737 0.730125 0.430047
2 0.506934 0.790112 0.050819 0.098764
1 0.862659 0.841554 0.218381 0.314813
1 0.732181 0.936203 0.352975 0.125515
2 0.672438 0.796287 0.065925 0.090534
2 0.585222 0.791142 0.067294 0.096704
1 0.335253 0.939808 0.336494 0.120384
7 0.531656 0.870356 0.424400 0.181067
11 0.323578 0.407383 0.115369 0.220197
11 0.736297 0.537046 0.072781 0.137893
9 0.469166 0.513361 0.074169 0.154326
10 0.744544 0.730440 0.100263 0.189307
9 0.622303 0.510295 0.072794 0.148118
6 0.721194 0.546283 0.103012 0.201648
11 0.135416 0.350815 0.063181 0.152266
11 0.735616 0.389906 0.074169 0.139925
