3 0.513007 0.601771 0.096242 0.292207
3 0.105817 0.830163 0.148072 0.337439
4 0.742190 0.516662 0.245752 0.254905
0 0.273007 0.737575 0.405948 0.401253
2 0.240931 0.459796 0.053072 0.098774
11 0.640719 0.197452 0.107353 0.234578
11 0.760400 0.124401 0.082663 0.141989
8 0.407623 0.401962 0.112958 0.278420
11 0.759167 0.277698 0.085131 0.139918
7 0.805858 0.865191 0.388284 0.269619
11 0.851087 0.248896 0.078971 0.131689
10 0.325458 0.910450 0.254183 0.179101
5 0.741593 0.678447 0.329232 0.103924
2 0.036103 0.490654 0.048121 0.160490
2 0.119387 0.460817 0.069101 0.162561
2 0.186021 0.457738 0.054297 0.135804
