2 0.037958 0.532847 0.044412 0.096703
10 0.047827 0.842507 0.093791 0.236621
5 0.793922 0.697997 0.299837 0.092234
11 0.914665 0.309537 0.077696 0.121526
11 0.830114 0.337357 0.076503 0.127575
11 0.830735 0.194360 0.077745 0.129646
11 0.728317 0.268447 0.090065 0.211935
2 0.380368 0.495790 0.033317 0.072016
2 0.290286 0.504033 0.033317 0.084360
2 0.189109 0.507112 0.040735 0.102888
7 0.561740 0.863093 0.413350 0.269564
0 0.260670 0.730368 0.477516 0.353924
1 0.880507 0.850736 0.238987 0.298365
1 0.938505 0.783869 0.122990 0.292207
8 0.512925 0.524510 0.104608 0.378447
3 0.585801 0.616172 0.106111 0.230436
4 0.794518 0.555886 0.214003 0.231390
