8 0.059477 0.308824 0.108497 0.276471
11 0.173480 0.248897 0.119346 0.141961
11 0.303791 0.233468 0.108366 0.131691
11 0.480752 0.167623 0.100131 0.226324
1 0.183791 0.708775 0.367582 0.561716
11 0.481438 0.331201 0.101503 0.096716
11 0.766757 0.106973 0.137173 0.191446
11 0.761953 0.292108 0.135801 0.199608
2 0.166013 0.422549 0.075817 0.168627
2 0.269935 0.316667 0.053595 0.090196
2 0.945098 0.052941 0.047059 0.103922
2 0.400654 0.133333 0.056209 0.103922
7 0.705711 0.780748 0.415637 0.413505
0 0.537908 0.535294 0.432680 0.356863
