2 0.484428 0.457731 0.067222 0.123462
7 0.850474 0.903763 0.299052 0.192473
0 0.629036 0.705677 0.741046 0.397118
2 0.223342 0.444355 0.026585 0.183118
11 0.861993 0.284860 0.206340 0.423914
11 0.121724 0.277688 0.064101 0.195462
11 0.125629 0.128505 0.043775 0.123462
11 0.083415 0.115140 0.031275 0.063785
11 0.082639 0.036473 0.032827 0.072946
11 0.053709 0.241677 0.046895 0.259269
11 0.009935 0.219043 0.018758 0.275720
2 0.667345 0.430978 0.092239 0.160495
11 0.026070 0.056022 0.052141 0.112043
2 0.137345 0.405258 0.092239 0.277785
2 0.193636 0.448462 0.032827 0.199591
